id,nome,cpf,email,telefone,data_nasc,created,updated
25,B**** da Mata,891.***.***-**,v************@example.net,9999,1999-11-09,2026-04-22 16:02:38.773769,2026-04-22 16:02:38.773770
35,I****** Camargo,209.***.***-**,d*****@example.net,2781,1999-03-27,2026-04-22 16:02:38.773781,2026-04-22 16:02:38.773782
109,E***** Abreu,187.***.***-**,l**************@example.net,9682,1999-01-10,2026-04-22 16:02:38.773877,2026-04-22 16:02:38.773880
115,A****** Pereira,298.***.***-**,t*****@example.com,9747,1999-07-18,2026-04-22 16:02:38.773887,2026-04-22 16:02:38.773887
216,O***** Vieira,103.***.***-**,u*********@example.com,8850,1999-01-06,2026-04-22 16:02:38.774009,2026-04-22 16:02:38.774009
278,J*** Pedro Nogueira,801.***.***-**,n**********@example.org,3081,1999-03-04,2026-04-22 16:02:38.774081,2026-04-22 16:02:38.774081
318,D** Mathias Macedo,758.***.***-**,m************@example.net,3230,1999-09-26,2026-04-22 16:02:38.774128,2026-04-22 16:02:38.774128
346,S** Henry Rodrigues,412.***.***-**,a**********@example.net,7491,1999-07-29,2026-04-22 16:02:38.774161,2026-04-22 16:02:38.774162
368,S**** Alícia Borges,146.***.***-**,c**************@example.org,1325,1999-01-28,2026-04-22 16:02:38.774188,2026-04-22 16:02:38.774189
458,A** Clara Farias,045.***.***-**,y*******@example.com,2176,1999-12-05,2026-04-22 16:02:38.774295,2026-04-22 16:02:38.774296
469,E******** Casa Grande,158.***.***-**,g********@example.net,7612,1999-12-21,2026-04-22 16:02:38.774307,2026-04-22 16:02:38.774308
544,G******** Costela,743.***.***-**,s************@example.com,5927,1999-11-15,2026-04-22 16:02:38.774396,2026-04-22 16:02:38.774397
595,S***** Jesus,928.***.***-**,v*************@example.org,0049,1999-04-11,2026-04-22 16:02:38.774455,2026-04-22 16:02:38.774456
679,R*** da Rocha,746.***.***-**,h********@example.com,5080,1999-12-04,2026-04-22 16:02:38.774563,2026-04-22 16:02:38.774563
709,S****** Porto,460.***.***-**,c******@example.org,1374,1999-06-15,2026-04-22 16:02:38.774601,2026-04-22 16:02:38.774602
849,S******* Câmara,957.***.***-**,n*****@example.org,5052,1999-08-03,2026-04-22 16:02:38.774766,2026-04-22 16:02:38.774767
873,D****** Macedo,207.***.***-**,d**********@example.net,6876,1999-07-29,2026-04-22 16:02:38.774793,2026-04-22 16:02:38.774794
932,S**** Emilly Barros,710.***.***-**,l******@example.org,5694,1999-03-27,2026-04-22 16:02:38.774863,2026-04-22 16:02:38.774864
935,M**** Eduarda Ramos,620.***.***-**,u*****@example.net,2469,1999-04-15,2026-04-22 16:02:38.774866,2026-04-22 16:02:38.774867
951,E*** Gabriel Duarte,183.***.***-**,u******@example.com,6850,1999-11-12,2026-04-22 16:02:38.774884,2026-04-22 16:02:38.774885
979,F******* Cardoso,925.***.***-**,a*******@example.org,6557,1999-11-27,2026-04-22 16:02:38.774918,2026-04-22 16:02:38.774918
1013,S** Benjamin Souza,901.***.***-**,m***********@example.net,3416,1999-01-29,2026-04-22 16:02:38.774960,2026-04-22 16:02:38.774960
1052,L*** Otávio Andrade,362.***.***-**,f****************@example.net,5691,1999-09-06,2026-04-22 16:02:38.775006,2026-04-22 16:02:38.775007
1072,A***** Moreira,841.***.***-**,m*******************@example.org,9644,1999-12-16,2026-04-22 16:02:38.775029,2026-04-22 16:02:38.775029
1084,S*** Silveira,751.***.***-**,l******@example.org,1018,1999-05-27,2026-04-22 16:02:38.775042,2026-04-22 16:02:38.775043
1092,M***** Pereira,652.***.***-**,s******@example.com,7455,1999-08-01,2026-04-22 16:02:38.775054,2026-04-22 16:02:38.775054
1106,V****** Guerra,739.***.***-**,a*******@example.net,6463,1999-11-10,2026-04-22 16:02:38.775070,2026-04-22 16:02:38.775070
1199,L*** Peixoto,971.***.***-**,b*******@example.org,7208,1999-06-08,2026-04-22 16:02:38.775182,2026-04-22 16:02:38.775182
1254,D** Henrique da Rocha,708.***.***-**,t***********@example.com,8969,1999-02-07,2026-04-22 16:02:38.775247,2026-04-22 16:02:38.775247
1301,B****** Borges,305.***.***-**,h*******@example.org,6668,1999-09-17,2026-04-22 16:02:38.775305,2026-04-22 16:02:38.775305
1394,V******* Rios,432.***.***-**,z**********@example.net,9200,1999-03-29,2026-04-22 16:02:38.775415,2026-04-22 16:02:38.775415
1417,F***** Barros,715.***.***-**,n***********@example.com,4886,1999-04-09,2026-04-22 16:02:38.775440,2026-04-22 16:02:38.775441
1418,V******* Martins,786.***.***-**,d********************@example.org,6232,1999-12-11,2026-04-22 16:02:38.775441,2026-04-22 16:02:38.775442
1451,J*** da Paz,349.***.***-**,b****************@example.com,3572,1999-03-26,2026-04-22 16:02:38.775480,2026-04-22 16:02:38.775481
1454,M**** Cecília Marques,395.***.***-**,f*************@example.net,2788,1999-07-18,2026-04-22 16:02:38.775484,2026-04-22 16:02:38.775484
1472,S***** Borges,961.***.***-**,e*******@example.com,7568,1999-02-14,2026-04-22 16:02:38.775506,2026-04-22 16:02:38.775506
1501,A****** Cirino,706.***.***-**,z*****@example.org,6187,1999-08-05,2026-04-22 16:02:38.775579,2026-04-22 16:02:38.775580
1726,B**** Farias,409.***.***-**,d*************@example.org,5903,1999-12-16,2026-04-22 16:02:38.775861,2026-04-22 16:02:38.775861
1728,C*** Guerra,750.***.***-**,a********@example.org,0255,1999-09-22,2026-04-22 16:02:38.775863,2026-04-22 16:02:38.775864
1881,K**** Souza,318.***.***-**,r******@example.net,2225,1999-12-23,2026-04-22 16:02:38.776038,2026-04-22 16:02:38.776039
2094,Á***** Nunes,597.***.***-**,h*******@example.org,2784,1999-07-01,2026-04-22 16:02:38.776297,2026-04-22 16:02:38.776298
2136,J*** Lucas das Neves,135.***.***-**,d******@example.net,3759,1999-06-13,2026-04-22 16:02:38.776345,2026-04-22 16:02:38.776346
2309,A****** Sousa,678.***.***-**,r*********@example.net,5503,1999-04-22,2026-04-22 16:02:38.776568,2026-04-22 16:02:38.776568
2378,L*** Felipe da Paz,406.***.***-**,a******************@example.org,3387,1999-04-03,2026-04-22 16:02:38.776669,2026-04-22 16:02:38.776670
2456,C***** Jesus,496.***.***-**,l**********@example.net,9011,1999-07-18,2026-04-22 16:02:38.776767,2026-04-22 16:02:38.776768
2459,A****** Gabriel Monteiro,038.***.***-**,g*********@example.com,6100,1999-06-17,2026-04-22 16:02:38.776771,2026-04-22 16:02:38.776771
2485,M**** Borges,918.***.***-**,a****@example.org,6421,1999-09-09,2026-04-22 16:02:38.776799,2026-04-22 16:02:38.776800
2514,J*** Moreira,132.***.***-**,f***********@example.net,4619,1999-10-28,2026-04-22 16:02:38.776833,2026-04-22 16:02:38.776834
2648,J*** Pedro Pimenta,172.***.***-**,f****@example.net,3940,1999-07-04,2026-04-22 16:02:38.776988,2026-04-22 16:02:38.776989
2746,F******* Melo,415.***.***-**,u****@example.com,1541,1999-02-28,2026-04-22 16:02:38.777104,2026-04-22 16:02:38.777105
2835,L**** Ferreira,510.***.***-**,y*****@example.com,5105,1999-12-18,2026-04-22 16:02:38.777209,2026-04-22 16:02:38.777209
2883,A***** Abreu,501.***.***-**,c******@example.net,9846,1999-09-04,2026-04-22 16:02:38.777265,2026-04-22 16:02:38.777266
2967,S*** Raquel da Rosa,376.***.***-**,d****@example.org,8838,1999-08-26,2026-04-22 16:02:38.777361,2026-04-22 16:02:38.777362
3100,M*** Cardoso,568.***.***-**,q*******@example.net,0323,1999-10-03,2026-04-22 16:02:38.777519,2026-04-22 16:02:38.777519
3150,M***** Moura,617.***.***-**,l*********@example.com,0127,1999-10-06,2026-04-22 16:02:38.777579,2026-04-22 16:02:38.777579
3216,N***** Câmara,862.***.***-**,o*******@example.org,4277,1999-10-04,2026-04-22 16:02:38.777658,2026-04-22 16:02:38.777658
3232,A** Beatriz Vargas,952.***.***-**,j******@example.com,5898,1999-03-28,2026-04-22 16:02:38.777683,2026-04-22 16:02:38.777683
3286,J****** Montenegro,421.***.***-**,j********@example.com,0709,1999-04-02,2026-04-22 16:02:38.777749,2026-04-22 16:02:38.777750
3316,S****** Azevedo,291.***.***-**,a*******@example.org,7736,1999-03-21,2026-04-22 16:02:38.777786,2026-04-22 16:02:38.777786
3332,I****** Brito,126.***.***-**,l*******************@example.net,2745,1999-10-22,2026-04-22 16:02:38.777803,2026-04-22 16:02:38.777804
3356,M**** Sophia Pereira,932.***.***-**,v********@example.org,0119,1999-07-06,2026-04-22 16:02:38.777832,2026-04-22 16:02:38.777833
3512,L**** Sales,921.***.***-**,j*****@example.com,1132,1999-10-25,2026-04-22 16:02:38.778011,2026-04-22 16:02:38.778012
3719,L*** Barbosa,138.***.***-**,b******@example.net,0398,1999-04-03,2026-04-22 16:02:38.778247,2026-04-22 16:02:38.778247
3740,S** Henry Leão,695.***.***-**,h*******@example.net,0345,1999-01-11,2026-04-22 16:02:38.778272,2026-04-22 16:02:38.778273
3825,R**** Gomes,340.***.***-**,o*****@example.com,0721,1999-05-22,2026-04-22 16:02:38.778371,2026-04-22 16:02:38.778372
3845,M**** Cecília Rezende,265.***.***-**,m***************@example.net,3176,1999-04-22,2026-04-22 16:02:38.778394,2026-04-22 16:02:38.778395
3858,Y***** Nascimento,498.***.***-**,l**********@example.com,0037,1999-10-22,2026-04-22 16:02:38.778411,2026-04-22 16:02:38.778411
3881,M**** Pastor,463.***.***-**,r**********@example.com,8955,1999-04-19,2026-04-22 16:02:38.778436,2026-04-22 16:02:38.778437
3941,J**** Pires,684.***.***-**,l******@example.net,5851,1999-04-01,2026-04-22 16:02:38.778511,2026-04-22 16:02:38.778512
3965,V****** Martins,760.***.***-**,m**********@example.net,6151,1999-07-26,2026-04-22 16:02:38.778553,2026-04-22 16:02:38.778554
3986,S*** Borges,476.***.***-**,s*******@example.com,1017,1999-03-13,2026-04-22 16:02:38.778581,2026-04-22 16:02:38.778582
4077,M***** Montenegro,142.***.***-**,c************@example.net,1888,1999-01-06,2026-04-22 16:02:38.778688,2026-04-22 16:02:38.778689
4152,A** Vitória Garcia,395.***.***-**,c*******@example.org,1015,1999-03-31,2026-04-22 16:02:38.778777,2026-04-22 16:02:38.778778
4161,A** Liz Machado,956.***.***-**,k*************@example.com,7442,1999-08-14,2026-04-22 16:02:38.778787,2026-04-22 16:02:38.778788
4168,S*** Albuquerque,538.***.***-**,m************@example.net,5400,1999-09-27,2026-04-22 16:02:38.778795,2026-04-22 16:02:38.778795
4183,V******* Rios,176.***.***-**,f***********@example.org,7555,1999-08-25,2026-04-22 16:02:38.778811,2026-04-22 16:02:38.778812
4307,A****** Gabriel da Luz,245.***.***-**,a*********@example.net,8104,1999-05-23,2026-04-22 16:02:38.778956,2026-04-22 16:02:38.778957
4363,G****** Martins,697.***.***-**,h*******@example.com,1134,1999-05-14,2026-04-22 16:02:38.779023,2026-04-22 16:02:38.779023
4374,G******** Barbosa,716.***.***-**,d**************@example.net,0407,1999-11-05,2026-04-22 16:02:38.779035,2026-04-22 16:02:38.779035
4431,P**** Rodrigues,985.***.***-**,g************@example.org,6502,1999-05-07,2026-04-22 16:02:38.779101,2026-04-22 16:02:38.779101
4457,L*** Casa Grande,931.***.***-**,v********@example.net,3316,1999-06-30,2026-04-22 16:02:38.779132,2026-04-22 16:02:38.779133
4484,D** Luan Campos,247.***.***-**,m*******@example.com,0484,1999-05-17,2026-04-22 16:02:38.779162,2026-04-22 16:02:38.779162
4526,J*** Viana,698.***.***-**,h********@example.net,7362,1999-07-30,2026-04-22 16:02:38.779235,2026-04-22 16:02:38.779235
4612,Í*** Gomes,703.***.***-**,d************@example.org,7941,1999-11-28,2026-04-22 16:02:38.779341,2026-04-22 16:02:38.779341
4645,A**** Aragão,129.***.***-**,h*************@example.net,7246,1999-02-11,2026-04-22 16:02:38.779379,2026-04-22 16:02:38.779380
4732,M***** Jesus,561.***.***-**,r***********@example.org,8329,1999-04-27,2026-04-22 16:02:38.779480,2026-04-22 16:02:38.779480
4738,P**** Lucas Dias,984.***.***-**,g***********@example.com,0792,1999-12-11,2026-04-22 16:02:38.779486,2026-04-22 16:02:38.779487
4794,V******* Campos,947.***.***-**,a***************@example.com,5918,1999-09-12,2026-04-22 16:02:38.779561,2026-04-22 16:02:38.779562
4851,M****** Brito,951.***.***-**,b*********@example.org,2820,1999-08-23,2026-04-22 16:02:38.779628,2026-04-22 16:02:38.779628
4923,T*** Barros,201.***.***-**,j***************@example.com,7103,1999-01-04,2026-04-22 16:02:38.779713,2026-04-22 16:02:38.779714
4933,D*** Gomes,053.***.***-**,f**********@example.net,0593,1999-10-30,2026-04-22 16:02:38.779724,2026-04-22 16:02:38.779725
4978,M**** Albuquerque,971.***.***-**,r*******@example.com,0104,1999-07-03,2026-04-22 16:02:38.779776,2026-04-22 16:02:38.779776
5122,B**** Sá,391.***.***-**,a*******@example.net,8788,1999-04-11,2026-04-22 16:02:38.779943,2026-04-22 16:02:38.779943
5134,M***** Peixoto,430.***.***-**,r********@example.com,9969,1999-12-13,2026-04-22 16:02:38.779958,2026-04-22 16:02:38.779959
5187,S*** Maria Laura da Rosa,563.***.***-**,s***************@example.org,9746,1999-01-31,2026-04-22 16:02:38.780022,2026-04-22 16:02:38.780023
5238,D**** das Neves,378.***.***-**,e*******@example.org,8675,1999-01-19,2026-04-22 16:02:38.780082,2026-04-22 16:02:38.780083
5251,A** Carolina da Cruz,524.***.***-**,h******@example.org,6918,1999-10-11,2026-04-22 16:02:38.780097,2026-04-22 16:02:38.780097
5291,S**** Melissa Fogaça,968.***.***-**,m************@example.com,1507,1999-03-28,2026-04-22 16:02:38.780143,2026-04-22 16:02:38.780144
5356,B**** Rocha,186.***.***-**,h*******@example.com,1460,1999-07-30,2026-04-22 16:02:38.780218,2026-04-22 16:02:38.780219
5490,S***** Jesus,436.***.***-**,m**************@example.net,1478,1999-12-22,2026-04-22 16:02:38.780378,2026-04-22 16:02:38.780379
5499,A***** Câmara,206.***.***-**,g*************@example.com,5558,1999-09-04,2026-04-22 16:02:38.780388,2026-04-22 16:02:38.780389
5729,T*** Aragão,329.***.***-**,l********************@example.org,4615,1999-12-18,2026-04-22 16:02:38.780660,2026-04-22 16:02:38.780660
5750,R**** Silveira,925.***.***-**,a*********************@example.net,0745,1999-08-21,2026-04-22 16:02:38.780682,2026-04-22 16:02:38.780683
5803,M***** Gonçalves,685.***.***-**,f*******@example.net,4234,1999-07-23,2026-04-22 16:02:38.780742,2026-04-22 16:02:38.780743
5848,E**** Borges,879.***.***-**,d***********@example.org,4454,1999-11-23,2026-04-22 16:02:38.780799,2026-04-22 16:02:38.780799
5863,M****** Gonçalves,869.***.***-**,t*******@example.com,2698,1999-06-16,2026-04-22 16:02:38.780815,2026-04-22 16:02:38.780816
5925,E****** Ramos,276.***.***-**,r********@example.org,3595,1999-09-13,2026-04-22 16:02:38.780885,2026-04-22 16:02:38.780885
6035,S****** da Rosa,954.***.***-**,h**********@example.org,7616,1999-12-29,2026-04-22 16:02:38.781008,2026-04-22 16:02:38.781009
6200,V**** Melo,182.***.***-**,a************@example.com,2756,1999-11-15,2026-04-22 16:02:38.781192,2026-04-22 16:02:38.781193
6278,C**** Melo,180.***.***-**,m*************@example.org,0516,1999-07-08,2026-04-22 16:02:38.781280,2026-04-22 16:02:38.781281
6345,A** Laura das Neves,469.***.***-**,b*********@example.com,4737,1999-04-23,2026-04-22 16:02:38.781354,2026-04-22 16:02:38.781354
6401,S** Levi Aragão,356.***.***-**,a***************@example.net,4244,1999-03-10,2026-04-22 16:02:38.781418,2026-04-22 16:02:38.781419
6431,S** Paulo Brito,375.***.***-**,t*************@example.com,9130,1999-02-01,2026-04-22 16:02:38.781450,2026-04-22 16:02:38.781451
6455,V******** Aragão,372.***.***-**,d*****************@example.org,5188,1999-07-10,2026-04-22 16:02:38.781480,2026-04-22 16:02:38.781481
6578,S*** Emanuelly Cirino,847.***.***-**,c*************@example.org,1616,1999-05-08,2026-04-22 16:02:38.781629,2026-04-22 16:02:38.781629
6624,I******* Pereira,597.***.***-**,h********@example.org,5490,1999-08-08,2026-04-22 16:02:38.781680,2026-04-22 16:02:38.781680
6627,J**** Rocha,129.***.***-**,a************@example.net,1887,1999-06-15,2026-04-22 16:02:38.781683,2026-04-22 16:02:38.781684
6635,D**** Santos,843.***.***-**,h*****@example.com,7912,1999-12-10,2026-04-22 16:02:38.781692,2026-04-22 16:02:38.781692
6646,A** Carolina da Luz,560.***.***-**,r************@example.com,6232,1999-09-14,2026-04-22 16:02:38.781703,2026-04-22 16:02:38.781704
6720,A***** Montenegro,372.***.***-**,d**********@example.net,8510,1999-08-06,2026-04-22 16:02:38.781786,2026-04-22 16:02:38.781787
6724,J*** Viana,059.***.***-**,l********@example.org,0082,1999-06-06,2026-04-22 16:02:38.781790,2026-04-22 16:02:38.781791
6865,I****** Guerra,520.***.***-**,a*****@example.net,9835,1999-12-24,2026-04-22 16:02:38.781947,2026-04-22 16:02:38.781947
6914,A** Liz Novais,350.***.***-**,r********@example.org,8037,1999-01-10,2026-04-22 16:02:38.782003,2026-04-22 16:02:38.782004
6933,N***** Moreira,874.***.***-**,v******@example.net,0934,1999-09-13,2026-04-22 16:02:38.782024,2026-04-22 16:02:38.782024
7139,L*** Miguel Lopes,801.***.***-**,n**************@example.org,2515,1999-10-13,2026-04-22 16:02:38.782259,2026-04-22 16:02:38.782260
7149,H****** Sampaio,625.***.***-**,a******@example.org,3478,1999-05-21,2026-04-22 16:02:38.782270,2026-04-22 16:02:38.782271
7166,Y***** Rodrigues,947.***.***-**,u****@example.net,1415,1999-12-21,2026-04-22 16:02:38.782291,2026-04-22 16:02:38.782292
7174,C***** Machado,649.***.***-**,s**************@example.org,0124,1999-10-29,2026-04-22 16:02:38.782300,2026-04-22 16:02:38.782300
7182,M**** Sophia Brito,198.***.***-**,c************@example.com,3321,1999-11-05,2026-04-22 16:02:38.782308,2026-04-22 16:02:38.782309
7243,L*** Henrique Leão,741.***.***-**,c*********@example.org,9098,1999-11-27,2026-04-22 16:02:38.782376,2026-04-22 16:02:38.782376
7261,S*** Júlia Barros,548.***.***-**,y*********@example.com,8691,1999-05-29,2026-04-22 16:02:38.782397,2026-04-22 16:02:38.782397
7276,S**** Ana Vitória da Conceição,745.***.***-**,a*****@example.com,2249,1999-11-07,2026-04-22 16:02:38.782413,2026-04-22 16:02:38.782413
7493,E***** Pastor,457.***.***-**,a******@example.net,2312,1999-09-24,2026-04-22 16:02:38.782662,2026-04-22 16:02:38.782662
7559,A******** Leão,945.***.***-**,v******@example.net,3143,1999-08-26,2026-04-22 16:02:38.782736,2026-04-22 16:02:38.782736
7686,M****** Porto,819.***.***-**,q*****@example.net,8851,1999-09-19,2026-04-22 16:02:38.782878,2026-04-22 16:02:38.782879
7739,M**** Cecília Albuquerque,456.***.***-**,d**********@example.com,1629,1999-08-23,2026-04-22 16:02:38.782939,2026-04-22 16:02:38.782940
8008,F******* Pires,409.***.***-**,c******@example.org,7462,1999-12-11,2026-04-22 16:02:38.783240,2026-04-22 16:02:38.783241
8023,D** Caleb Fogaça,508.***.***-**,a**********@example.com,9311,1999-04-29,2026-04-22 16:02:38.783258,2026-04-22 16:02:38.783258
8051,M****** Casa Grande,692.***.***-**,s**************@example.org,4713,1999-08-01,2026-04-22 16:02:38.783288,2026-04-22 16:02:38.783288
8060,P**** Brito,450.***.***-**,b*********@example.org,4999,1999-09-01,2026-04-22 16:02:38.783299,2026-04-22 16:02:38.783300
8088,A**** Dias,146.***.***-**,r***********@example.net,7434,1999-02-23,2026-04-22 16:02:38.783329,2026-04-22 16:02:38.783329
8112,H****** da Luz,846.***.***-**,e*******@example.net,6316,1999-02-18,2026-04-22 16:02:38.783356,2026-04-22 16:02:38.783357
8230,B**** Oliveira,743.***.***-**,r*****@example.net,7446,1999-04-01,2026-04-22 16:02:38.783492,2026-04-22 16:02:38.783493
8337,C****** da Paz,659.***.***-**,l************@example.org,0646,1999-08-28,2026-04-22 16:02:38.783644,2026-04-22 16:02:38.783645
8458,M***** Pires,618.***.***-**,m*******@example.com,6969,1999-02-20,2026-04-22 16:02:38.783802,2026-04-22 16:02:38.783803
8470,A*** Duarte,205.***.***-**,e**********@example.org,6889,1999-01-12,2026-04-22 16:02:38.783823,2026-04-22 16:02:38.783823
8480,S** Lucas Castro,153.***.***-**,g************@example.com,4541,1999-01-01,2026-04-22 16:02:38.783833,2026-04-22 16:02:38.783834
8563,J*** Gabriel Pastor,195.***.***-**,b*************@example.net,8656,1999-01-15,2026-04-22 16:02:38.783927,2026-04-22 16:02:38.783927
8581,D*** Lucca Cavalcante,627.***.***-**,h*************@example.org,0597,1999-03-08,2026-04-22 16:02:38.783948,2026-04-22 16:02:38.783949
8612,V******* Casa Grande,961.***.***-**,b*****************@example.org,3319,1999-06-20,2026-04-22 16:02:38.783983,2026-04-22 16:02:38.783984
8662,H***** Fogaça,618.***.***-**,f********@example.com,0102,1999-02-04,2026-04-22 16:02:38.784039,2026-04-22 16:02:38.784040
8778,J*** Guerra,596.***.***-**,u*******@example.org,4196,1999-08-09,2026-04-22 16:02:38.784166,2026-04-22 16:02:38.784167
8802,O*** Machado,463.***.***-**,u*******@example.org,1824,1999-10-28,2026-04-22 16:02:38.784194,2026-04-22 16:02:38.784194
8876,T******* Câmara,705.***.***-**,d***********@example.net,9399,1999-01-12,2026-04-22 16:02:38.784277,2026-04-22 16:02:38.784277
8877,A** Sophia Almeida,618.***.***-**,m*********@example.org,1840,1999-12-13,2026-04-22 16:02:38.784278,2026-04-22 16:02:38.784278
8895,A** Julia Sousa,470.***.***-**,a*******@example.org,4442,1999-01-31,2026-04-22 16:02:38.784297,2026-04-22 16:02:38.784298
8931,A** Beatriz Ribeiro,847.***.***-**,m***********@example.org,9364,1999-03-22,2026-04-22 16:02:38.784337,2026-04-22 16:02:38.784338
8960,E***** da Mata,751.***.***-**,l**********@example.org,5371,1999-07-22,2026-04-22 16:02:38.784378,2026-04-22 16:02:38.784378
8966,D** Davi Lucas Leão,471.***.***-**,j****************@example.net,1343,1999-01-19,2026-04-22 16:02:38.784384,2026-04-22 16:02:38.784384
8994,A*** Liz Mendonça,073.***.***-**,l*********@example.com,3809,1999-08-21,2026-04-22 16:02:38.784416,2026-04-22 16:02:38.784417
9134,M****** Nascimento,205.***.***-**,c*********@example.net,6517,1999-07-20,2026-04-22 16:02:38.784578,2026-04-22 16:02:38.784578
9172,M**** Cecília Siqueira,409.***.***-**,s*****@example.net,1550,1999-04-05,2026-04-22 16:02:38.784621,2026-04-22 16:02:38.784622
9214,G****** Gonçalves,362.***.***-**,g******@example.org,6678,1999-05-19,2026-04-22 16:02:38.784668,2026-04-22 16:02:38.784669
9216,D*** Miguel das Neves,573.***.***-**,s********@example.com,1236,1999-09-15,2026-04-22 16:02:38.784671,2026-04-22 16:02:38.784671
9240,L*** Rios,247.***.***-**,g*****@example.net,4922,1999-04-20,2026-04-22 16:02:38.784696,2026-04-22 16:02:38.784696
9260,L**** Gabriel das Neves,534.***.***-**,p**************@example.org,1837,1999-09-30,2026-04-22 16:02:38.784726,2026-04-22 16:02:38.784726
9300,M**** Liz Martins,053.***.***-**,m********@example.net,6292,1999-10-24,2026-04-22 16:02:38.784770,2026-04-22 16:02:38.784771
9425,N****** da Rosa,856.***.***-**,h****@example.net,8273,1999-11-06,2026-04-22 16:02:38.784911,2026-04-22 16:02:38.784912
9506,B**** Ribeiro,910.***.***-**,h************@example.com,3274,1999-09-24,2026-04-22 16:02:38.785002,2026-04-22 16:02:38.785002
9611,A** Luiza Vasconcelos,069.***.***-**,r********@example.org,6997,1999-02-07,2026-04-22 16:02:38.785118,2026-04-22 16:02:38.785119
9997,I****** Ferreira,605.***.***-**,e***********@example.org,2312,1999-12-25,2026-04-22 16:02:38.785562,2026-04-22 16:02:38.785562
10214,D**** Araújo,952.***.***-**,a**********@example.org,5825,1999-06-20,2026-04-22 16:02:38.785807,2026-04-22 16:02:38.785808
10252,E***** Andrade,245.***.***-**,d**************@example.com,9644,1999-03-22,2026-04-22 16:02:38.785850,2026-04-22 16:02:38.785851
10274,D***** Ferreira,256.***.***-**,p*******@example.org,3868,1999-09-16,2026-04-22 16:02:38.785877,2026-04-22 16:02:38.785878
10332,A******** Carvalho,489.***.***-**,k*********@example.net,9266,1999-11-20,2026-04-22 16:02:38.785943,2026-04-22 16:02:38.785944
10416,A** Vitória Silva,650.***.***-**,p*******************@example.org,3238,1999-05-10,2026-04-22 16:02:38.786039,2026-04-22 16:02:38.786040
10427,D** Danilo Leão,418.***.***-**,m**************@example.net,7479,1999-03-15,2026-04-22 16:02:38.786052,2026-04-22 16:02:38.786052
10546,S*** Sabrina Santos,790.***.***-**,d*************@example.org,0506,1999-11-19,2026-04-22 16:02:38.786188,2026-04-22 16:02:38.786188
10581,J**** Sampaio,863.***.***-**,i***************@example.org,9315,1999-10-27,2026-04-22 16:02:38.786227,2026-04-22 16:02:38.786227
10590,J*** Vitor Vargas,268.***.***-**,l********@example.com,5731,1999-05-24,2026-04-22 16:02:38.786236,2026-04-22 16:02:38.786237
10688,L*** Jesus,869.***.***-**,r***********@example.org,0885,1999-11-27,2026-04-22 16:02:38.786346,2026-04-22 16:02:38.786346
10745,L*** da Paz,759.***.***-**,q********@example.org,7758,1999-10-04,2026-04-22 16:02:38.786412,2026-04-22 16:02:38.786413
10802,M**** Alice Cavalcanti,180.***.***-**,r*******@example.org,6563,1999-04-05,2026-04-22 16:02:38.786476,2026-04-22 16:02:38.786476
10825,D*** Campos,964.***.***-**,j*****@example.net,8577,1999-06-03,2026-04-22 16:02:38.786502,2026-04-22 16:02:38.786503
10910,A** Cavalcante,823.***.***-**,d******************@example.net,9523,1999-02-02,2026-04-22 16:02:38.786607,2026-04-22 16:02:38.786608
11130,E****** Teixeira,629.***.***-**,r******************@example.net,8847,1999-06-25,2026-04-22 16:02:38.786857,2026-04-22 16:02:38.786857
11188,M***** Jesus,379.***.***-**,g***************@example.org,8349,1999-06-30,2026-04-22 16:02:38.786921,2026-04-22 16:02:38.786922
11197,B****** Monteiro,680.***.***-**,f**********@example.org,6934,1999-07-27,2026-04-22 16:02:38.786931,2026-04-22 16:02:38.786931
11265,O***** Cassiano,743.***.***-**,h*********@example.org,8047,1999-01-13,2026-04-22 16:02:38.787008,2026-04-22 16:02:38.787008
11404,A**** Oliveira,748.***.***-**,a***************@example.net,3112,1999-01-06,2026-04-22 16:02:38.787164,2026-04-22 16:02:38.787164
11416,P**** Fogaça,305.***.***-**,c*******@example.org,3975,1999-10-02,2026-04-22 16:02:38.787179,2026-04-22 16:02:38.787179
11504,G*** Henrique Barbosa,817.***.***-**,c**********************@example.net,0611,1999-08-20,2026-04-22 16:02:38.787277,2026-04-22 16:02:38.787277
11505,I*** Silveira,024.***.***-**,j***********@example.net,3369,1999-04-19,2026-04-22 16:02:38.787278,2026-04-22 16:02:38.787278
11532,B***** Fogaça,340.***.***-**,p***********@example.org,3803,1999-04-18,2026-04-22 16:02:38.787306,2026-04-22 16:02:38.787307
11669,L*** Felipe Pinto,751.***.***-**,a*******@example.net,3847,1999-05-04,2026-04-22 16:02:38.787464,2026-04-22 16:02:38.787467
11671,C**** Correia,514.***.***-**,m***********@example.com,9175,1999-09-02,2026-04-22 16:02:38.787468,2026-04-22 16:02:38.787469
11847,M**** Eduarda Sales,320.***.***-**,c**************@example.net,2675,1999-06-11,2026-04-22 16:02:38.787673,2026-04-22 16:02:38.787673
12096,G*** Henrique Leão,402.***.***-**,g********@example.net,4312,1999-03-18,2026-04-22 16:02:38.787951,2026-04-22 16:02:38.787952
12115,S**** Ana Liz da Costa,291.***.***-**,m***********@example.net,7463,1999-01-28,2026-04-22 16:02:38.787972,2026-04-22 16:02:38.787973
12243,D**** Siqueira,324.***.***-**,l****@example.org,5251,1999-08-11,2026-04-22 16:02:38.788131,2026-04-22 16:02:38.788131
12292,S** Ian Dias,893.***.***-**,b*************@example.net,7330,1999-04-30,2026-04-22 16:02:38.788187,2026-04-22 16:02:38.788188
12421,K****** Gonçalves,089.***.***-**,j**********@example.org,0079,1999-11-23,2026-04-22 16:02:38.788336,2026-04-22 16:02:38.788337
12586,K**** Barros,402.***.***-**,z*******@example.org,0169,1999-11-08,2026-04-22 16:02:38.788535,2026-04-22 16:02:38.788536
12592,C******* das Neves,453.***.***-**,v********@example.org,8029,1999-07-30,2026-04-22 16:02:38.788543,2026-04-22 16:02:38.788543
12610,D** Lucca Moraes,714.***.***-**,c*******************@example.org,9675,1999-12-05,2026-04-22 16:02:38.788573,2026-04-22 16:02:38.788574
12639,N****** Aragão,317.***.***-**,e**********@example.org,2867,1999-01-29,2026-04-22 16:02:38.788613,2026-04-22 16:02:38.788613
12689,D*** Maya Silveira,143.***.***-**,r***********@example.org,3673,1999-12-13,2026-04-22 16:02:38.788671,2026-04-22 16:02:38.788673
12705,N***** Sousa,629.***.***-**,r********@example.com,5826,1999-12-10,2026-04-22 16:02:38.788690,2026-04-22 16:02:38.788691
12813,S** Liam Fonseca,109.***.***-**,b********@example.com,8489,1999-07-05,2026-04-22 16:02:38.788811,2026-04-22 16:02:38.788811
12971,L****** Duarte,420.***.***-**,v********@example.net,0892,1999-10-31,2026-04-22 16:02:38.788994,2026-04-22 16:02:38.788994
12983,S*** Mariah Sales,365.***.***-**,m****************@example.org,7337,1999-03-24,2026-04-22 16:02:38.789008,2026-04-22 16:02:38.789008
13155,F******** Souza,061.***.***-**,p******@example.net,0746,1999-12-26,2026-04-22 16:02:38.789202,2026-04-22 16:02:38.789202
13227,D*** Lucca Cardoso,537.***.***-**,b*****@example.net,0778,1999-11-30,2026-04-22 16:02:38.789284,2026-04-22 16:02:38.789284
13240,M*** Nogueira,764.***.***-**,t******@example.net,7059,1999-10-01,2026-04-22 16:02:38.789308,2026-04-22 16:02:38.789309
13253,E**** Oliveira,295.***.***-**,d**************@example.net,4887,1999-08-30,2026-04-22 16:02:38.789325,2026-04-22 16:02:38.789325
13290,S***** Almeida,509.***.***-**,d************@example.com,8180,1999-06-05,2026-04-22 16:02:38.789377,2026-04-22 16:02:38.789378
13368,S***** Aparecida,532.***.***-**,c*********@example.org,9447,1999-04-21,2026-04-22 16:02:38.789475,2026-04-22 16:02:38.789476
13370,A***** Carvalho,054.***.***-**,a***********@example.org,6926,1999-11-11,2026-04-22 16:02:38.789479,2026-04-22 16:02:38.789480
13416,E***** Araújo,785.***.***-**,i******@example.com,7062,1999-02-02,2026-04-22 16:02:38.789551,2026-04-22 16:02:38.789551
13557,D*** Fogaça,235.***.***-**,l*************@example.com,5321,1999-08-20,2026-04-22 16:02:38.789717,2026-04-22 16:02:38.789718
13559,S***** Cirino,710.***.***-**,g*****@example.org,3868,1999-09-06,2026-04-22 16:02:38.789720,2026-04-22 16:02:38.789720
13600,M**** Clara Lima,392.***.***-**,r*********@example.com,9299,1999-04-01,2026-04-22 16:02:38.789768,2026-04-22 16:02:38.789769
13608,C******* Barbosa,460.***.***-**,l**********@example.net,8093,1999-07-02,2026-04-22 16:02:38.789777,2026-04-22 16:02:38.789778
13709,J*** Machado,657.***.***-**,j***************@example.net,7105,1999-06-08,2026-04-22 16:02:38.789893,2026-04-22 16:02:38.789896
13796,B******* Castro,965.***.***-**,r*****************@example.org,1274,1999-06-27,2026-04-22 16:02:38.789996,2026-04-22 16:02:38.789996
13798,S*** Guerra,453.***.***-**,s**********@example.com,6626,1999-05-21,2026-04-22 16:02:38.789998,2026-04-22 16:02:38.789998
13818,K****** Vieira,174.***.***-**,p***********@example.net,7948,1999-08-03,2026-04-22 16:02:38.790019,2026-04-22 16:02:38.790020
13862,E****** Moraes,984.***.***-**,l*********@example.org,2297,1999-07-31,2026-04-22 16:02:38.790069,2026-04-22 16:02:38.790070
13912,S******* Silveira,920.***.***-**,p**********@example.com,9869,1999-05-28,2026-04-22 16:02:38.790125,2026-04-22 16:02:38.790125
13943,V**** Gabriel Costela,390.***.***-**,v***************@example.org,8937,1999-01-12,2026-04-22 16:02:38.790161,2026-04-22 16:02:38.790161
14063,N****** Nunes,598.***.***-**,p****************@example.net,4952,1999-12-25,2026-04-22 16:02:38.790298,2026-04-22 16:02:38.790299
14079,E******** Rodrigues,361.***.***-**,l*******@example.net,6284,1999-02-16,2026-04-22 16:02:38.790315,2026-04-22 16:02:38.790316
14252,E****** Santos,854.***.***-**,d***************@example.net,3390,1999-06-25,2026-04-22 16:02:38.790527,2026-04-22 16:02:38.790528
14312,S*** Olívia Pimenta,819.***.***-**,a****@example.net,2785,1999-01-18,2026-04-22 16:02:38.790600,2026-04-22 16:02:38.790600
14433,T******* Alves,864.***.***-**,a******************@example.org,1999,1999-02-01,2026-04-22 16:02:38.790739,2026-04-22 16:02:38.790739
14466,A** Luiza Gonçalves,938.***.***-**,m************@example.org,7335,1999-12-05,2026-04-22 16:02:38.790776,2026-04-22 16:02:38.790777
14499,S** Levi Marques,604.***.***-**,a**************@example.com,9575,1999-05-18,2026-04-22 16:02:38.790814,2026-04-22 16:02:38.790815
14590,L**** Cassiano,650.***.***-**,a********@example.com,2569,1999-10-18,2026-04-22 16:02:38.790917,2026-04-22 16:02:38.790918
14600,L****** Nunes,180.***.***-**,m*********@example.com,6201,1999-05-28,2026-04-22 16:02:38.790928,2026-04-22 16:02:38.790929
14711,B**** da Rocha,167.***.***-**,h********@example.org,3302,1999-09-02,2026-04-22 16:02:38.791055,2026-04-22 16:02:38.791056
14822,C**** Garcia,975.***.***-**,a***********@example.org,0375,1999-09-15,2026-04-22 16:02:38.791187,2026-04-22 16:02:38.791188
15101,S*** Ayla Vasconcelos,148.***.***-**,o************@example.com,7778,1999-02-16,2026-04-22 16:02:38.791503,2026-04-22 16:02:38.791504
15154,R*** da Cruz,985.***.***-**,j*****************@example.org,1058,1999-06-06,2026-04-22 16:02:38.791582,2026-04-22 16:02:38.791585
15186,S** Luan Gonçalves,617.***.***-**,n************@example.net,9462,1999-03-28,2026-04-22 16:02:38.791630,2026-04-22 16:02:38.791630
15240,E*** Oliveira,147.***.***-**,b**********@example.org,4479,1999-02-18,2026-04-22 16:02:38.791713,2026-04-22 16:02:38.791713
15246,A***** Moura,578.***.***-**,a********@example.net,1789,1999-08-17,2026-04-22 16:02:38.791719,2026-04-22 16:02:38.791720
15441,M**** Fernanda Araújo,629.***.***-**,k**********@example.com,3568,1999-06-15,2026-04-22 16:02:38.791944,2026-04-22 16:02:38.791945
15546,M***** Pimenta,019.***.***-**,a**********@example.net,0993,1999-11-05,2026-04-22 16:02:38.792067,2026-04-22 16:02:38.792067
15606,S** Rodrigo Macedo,034.***.***-**,b**********@example.com,4103,1999-05-31,2026-04-22 16:02:38.792165,2026-04-22 16:02:38.792165
15726,L**** Martins,784.***.***-**,f************@example.org,5355,1999-09-05,2026-04-22 16:02:38.792337,2026-04-22 16:02:38.792338
15766,P**** Miguel Fernandes,594.***.***-**,l********@example.com,6389,1999-05-06,2026-04-22 16:02:38.792382,2026-04-22 16:02:38.792383
15797,A**** Carvalho,217.***.***-**,m************@example.org,2403,1999-06-03,2026-04-22 16:02:38.792418,2026-04-22 16:02:38.792419
15805,S***** Abreu,704.***.***-**,c*******@example.net,7658,1999-03-19,2026-04-22 16:02:38.792427,2026-04-22 16:02:38.792427
15960,M**** Cecília Dias,425.***.***-**,f********@example.net,0494,1999-03-09,2026-04-22 16:02:38.792619,2026-04-22 16:02:38.792620
16020,V******* Gomes,735.***.***-**,f************@example.com,3987,1999-10-06,2026-04-22 16:02:38.792692,2026-04-22 16:02:38.792693
16067,S***** Melo,834.***.***-**,d***********@example.net,7165,1999-07-15,2026-04-22 16:02:38.792748,2026-04-22 16:02:38.792748
16097,P**** Henrique Borges,075.***.***-**,c********@example.com,9587,1999-08-11,2026-04-22 16:02:38.792791,2026-04-22 16:02:38.792792
16114,N*** Cassiano,520.***.***-**,n*******@example.org,9426,1999-07-20,2026-04-22 16:02:38.792810,2026-04-22 16:02:38.792810
16249,S***** Pastor,871.***.***-**,r*********@example.org,0202,1999-06-08,2026-04-22 16:02:38.792961,2026-04-22 16:02:38.792962
16367,A** Luiza Nogueira,243.***.***-**,m********@example.com,7669,1999-08-23,2026-04-22 16:02:38.793119,2026-04-22 16:02:38.793120
16402,L*** da Mata,574.***.***-**,o*****@example.com,5966,1999-04-06,2026-04-22 16:02:38.793160,2026-04-22 16:02:38.793161
16453,A***** Gabriel Camargo,856.***.***-**,o***********@example.org,9406,1999-01-25,2026-04-22 16:02:38.793239,2026-04-22 16:02:38.793240
16454,A**** Aragão,192.***.***-**,g*******@example.com,4012,1999-03-15,2026-04-22 16:02:38.793241,2026-04-22 16:02:38.793241
16502,M**** Luísa Almeida,138.***.***-**,v*********************@example.net,9238,1999-06-23,2026-04-22 16:02:38.793294,2026-04-22 16:02:38.793295
16511,Á***** Mendes,043.***.***-**,m**********@example.net,3234,1999-06-06,2026-04-22 16:02:38.793304,2026-04-22 16:02:38.793304
16551,M****** Oliveira,178.***.***-**,a*************@example.org,9957,1999-05-21,2026-04-22 16:02:38.793350,2026-04-22 16:02:38.793351
16629,M**** Pacheco,758.***.***-**,m**********@example.org,4489,1999-01-24,2026-04-22 16:02:38.793440,2026-04-22 16:02:38.793440
16874,I**** Oliveira,507.***.***-**,x******@example.com,0761,1999-02-11,2026-04-22 16:02:38.793750,2026-04-22 16:02:38.793751
16882,G*** Henrique Castro,716.***.***-**,h*******@example.org,3377,1999-09-12,2026-04-22 16:02:38.793759,2026-04-22 16:02:38.793759
17075,J*** Pedro Cavalcanti,532.***.***-**,e*****@example.com,4291,1999-12-23,2026-04-22 16:02:38.793976,2026-04-22 16:02:38.793977
17091,S******* Nogueira,398.***.***-**,c*******@example.net,3466,1999-07-06,2026-04-22 16:02:38.793993,2026-04-22 16:02:38.793994
17098,T*** Cassiano,927.***.***-**,p*******@example.org,2894,1999-03-30,2026-04-22 16:02:38.794001,2026-04-22 16:02:38.794001
17102,B***** Cavalcante,280.***.***-**,e**********@example.net,2432,1999-05-14,2026-04-22 16:02:38.794005,2026-04-22 16:02:38.794005
17135,L**** Machado,705.***.***-**,b********@example.net,2300,1999-11-09,2026-04-22 16:02:38.794042,2026-04-22 16:02:38.794042
17149,A**** Sampaio,861.***.***-**,q*******@example.net,6055,1999-05-30,2026-04-22 16:02:38.794057,2026-04-22 16:02:38.794057
17153,E***** Sales,391.***.***-**,m***********@example.net,3290,1999-06-23,2026-04-22 16:02:38.794063,2026-04-22 16:02:38.794064
17157,F******* Machado,853.***.***-**,p*************@example.net,8016,1999-01-03,2026-04-22 16:02:38.794068,2026-04-22 16:02:38.794068
17179,H***** Abreu,526.***.***-**,c*********@example.org,3286,1999-03-19,2026-04-22 16:02:38.794091,2026-04-22 16:02:38.794092
17182,S**** Montenegro,643.***.***-**,r****************@example.net,7337,1999-05-24,2026-04-22 16:02:38.794095,2026-04-22 16:02:38.794095
17215,S***** Ferreira,138.***.***-**,n************@example.net,2455,1999-04-12,2026-04-22 16:02:38.794132,2026-04-22 16:02:38.794132
17262,D** Matheus Sá,078.***.***-**,i***********@example.com,0458,1999-06-29,2026-04-22 16:02:38.794185,2026-04-22 16:02:38.794185
17320,I******* Freitas,135.***.***-**,d******************@example.net,2644,1999-09-23,2026-04-22 16:02:38.794252,2026-04-22 16:02:38.794253
17339,R****** Mendes,607.***.***-**,m********@example.net,5687,1999-07-08,2026-04-22 16:02:38.794282,2026-04-22 16:02:38.794283
17431,E**** da Luz,587.***.***-**,a**********@example.net,4863,1999-02-20,2026-04-22 16:02:38.794389,2026-04-22 16:02:38.794390
17463,E**** Ramos,341.***.***-**,a**********@example.org,8535,1999-10-30,2026-04-22 16:02:38.794427,2026-04-22 16:02:38.794427
17526,R*** Lucca Jesus,037.***.***-**,l***********************@example.net,5985,1999-03-30,2026-04-22 16:02:38.794496,2026-04-22 16:02:38.794496
17561,S*** Correia,216.***.***-**,f*******@example.org,5871,1999-03-10,2026-04-22 16:02:38.794557,2026-04-22 16:02:38.794557
17614,D**** Mendonça,261.***.***-**,i***********@example.com,0947,1999-07-29,2026-04-22 16:02:38.794626,2026-04-22 16:02:38.794627
17646,K***** Moraes,580.***.***-**,r**@example.org,8110,1999-04-23,2026-04-22 16:02:38.794664,2026-04-22 16:02:38.794665
17792,A***** Castro,378.***.***-**,j******************@example.com,6159,1999-12-08,2026-04-22 16:02:38.794845,2026-04-22 16:02:38.794846
17869,I** Rios,316.***.***-**,a**********@example.org,6830,1999-11-30,2026-04-22 16:02:38.794945,2026-04-22 16:02:38.794945
17920,A****** Souza,217.***.***-**,r*****@example.net,6413,1999-05-29,2026-04-22 16:02:38.795006,2026-04-22 16:02:38.795006
17931,D** Cardoso,428.***.***-**,a**********@example.org,8529,1999-02-22,2026-04-22 16:02:38.795018,2026-04-22 16:02:38.795019
17962,L*** Felipe Duarte,012.***.***-**,s******************@example.com,8120,1999-07-16,2026-04-22 16:02:38.795055,2026-04-22 16:02:38.795056
18026,S** Yan Nascimento,432.***.***-**,l*********@example.com,4782,1999-04-13,2026-04-22 16:02:38.795127,2026-04-22 16:02:38.795127
18116,D** Nicolas Cavalcanti,457.***.***-**,g*************@example.net,9287,1999-05-13,2026-04-22 16:02:38.795228,2026-04-22 16:02:38.795229
18231,H****** Fernandes,450.***.***-**,d****************@example.net,4095,1999-02-16,2026-04-22 16:02:38.795359,2026-04-22 16:02:38.795360
18327,J*** Guilherme da Cruz,627.***.***-**,l**************@example.org,5633,1999-04-22,2026-04-22 16:02:38.795469,2026-04-22 16:02:38.795469
18411,S***** Abreu,675.***.***-**,l***********@example.com,3562,1999-04-27,2026-04-22 16:02:38.795579,2026-04-22 16:02:38.795580
18444,A** Cunha,206.***.***-**,s***********@example.org,8737,1999-02-07,2026-04-22 16:02:38.795627,2026-04-22 16:02:38.795627
18479,E**** Vieira,425.***.***-**,b********@example.net,5994,1999-06-10,2026-04-22 16:02:38.795667,2026-04-22 16:02:38.795668
18485,A****** Cunha,690.***.***-**,n*******@example.org,1242,1999-11-12,2026-04-22 16:02:38.795674,2026-04-22 16:02:38.795674
18544,D** Mathias Souza,218.***.***-**,e**********@example.org,6987,1999-05-24,2026-04-22 16:02:38.795740,2026-04-22 16:02:38.795740
18549,S**** Maria Luísa Cirino,269.***.***-**,c************@example.org,2935,1999-04-28,2026-04-22 16:02:38.795745,2026-04-22 16:02:38.795745
18602,V****** Aragão,069.***.***-**,c*****************@example.net,0350,1999-04-19,2026-04-22 16:02:38.795809,2026-04-22 16:02:38.795809
18671,V******* Novaes,467.***.***-**,s**********@example.net,5844,1999-11-02,2026-04-22 16:02:38.795901,2026-04-22 16:02:38.795902
18698,M**** Cecília Azevedo,984.***.***-**,c**********@example.net,4741,1999-01-17,2026-04-22 16:02:38.795933,2026-04-22 16:02:38.795933
18699,H***** Camargo,495.***.***-**,a***************@example.org,1328,1999-09-17,2026-04-22 16:02:38.795934,2026-04-22 16:02:38.795934
18776,S*** Heloisa Carvalho,940.***.***-**,t*****************@example.com,5752,1999-09-08,2026-04-22 16:02:38.796022,2026-04-22 16:02:38.796023
18876,G******** Novais,819.***.***-**,m*************@example.net,0144,1999-10-08,2026-04-22 16:02:38.796135,2026-04-22 16:02:38.796135
18905,O***** Costela,826.***.***-**,h*********@example.net,2362,1999-07-22,2026-04-22 16:02:38.796168,2026-04-22 16:02:38.796168
19072,M****** Novaes,804.***.***-**,k******@example.org,8320,1999-11-17,2026-04-22 16:02:38.796358,2026-04-22 16:02:38.796359
19169,H******* Jesus,601.***.***-**,h**********@example.com,9472,1999-04-06,2026-04-22 16:02:38.796467,2026-04-22 16:02:38.796467
19194,C*** Melo,345.***.***-**,p************@example.org,0531,1999-06-02,2026-04-22 16:02:38.796497,2026-04-22 16:02:38.796498
19235,M***** da Cunha,231.***.***-**,h**************@example.com,4277,1999-08-20,2026-04-22 16:02:38.796564,2026-04-22 16:02:38.796565
19338,B**** da Rocha,615.***.***-**,d************@example.org,0429,1999-07-12,2026-04-22 16:02:38.796708,2026-04-22 16:02:38.796708
19347,F******** Rios,036.***.***-**,j****************@example.com,6480,1999-07-27,2026-04-22 16:02:38.796717,2026-04-22 16:02:38.796718
19425,P**** Henrique Pereira,390.***.***-**,k******@example.net,6218,1999-04-19,2026-04-22 16:02:38.796814,2026-04-22 16:02:38.796814
19426,G******* Marques,140.***.***-**,l********@example.org,0732,1999-11-20,2026-04-22 16:02:38.796815,2026-04-22 16:02:38.796815
19532,A**** Oliveira,468.***.***-**,w*********@example.net,6395,1999-10-24,2026-04-22 16:02:38.796937,2026-04-22 16:02:38.796938
19622,L**** Câmara,130.***.***-**,j**********@example.org,9039,1999-01-08,2026-04-22 16:02:38.797040,2026-04-22 16:02:38.797040
19628,J*** Sá,490.***.***-**,m*****@example.com,1157,1999-05-21,2026-04-22 16:02:38.797046,2026-04-22 16:02:38.797047
19629,L**** Macedo,960.***.***-**,v*************@example.org,4474,1999-07-15,2026-04-22 16:02:38.797048,2026-04-22 16:02:38.797048
19687,L******* Ramos,851.***.***-**,e**********@example.net,2898,1999-01-10,2026-04-22 16:02:38.797114,2026-04-22 16:02:38.797114
19699,I**** Ribeiro,650.***.***-**,m***********@example.org,7162,1999-05-29,2026-04-22 16:02:38.797127,2026-04-22 16:02:38.797127
19728,V******** Sampaio,368.***.***-**,p***************@example.net,6224,1999-05-11,2026-04-22 16:02:38.797161,2026-04-22 16:02:38.797162
19735,M***** Novaes,849.***.***-**,b******@example.com,0814,1999-10-24,2026-04-22 16:02:38.797169,2026-04-22 16:02:38.797169
19847,D***** Pires,125.***.***-**,e******@example.org,6850,1999-03-13,2026-04-22 16:02:38.797300,2026-04-22 16:02:38.797301
19888,O***** Nogueira,285.***.***-**,s***********@example.org,3592,1999-08-22,2026-04-22 16:02:38.797349,2026-04-22 16:02:38.797349
19916,L****** da Costa,081.***.***-**,o*******@example.net,4191,1999-08-25,2026-04-22 16:02:38.797382,2026-04-22 16:02:38.797383
